Coefficients for all approximations. The first value is the constant term,
followed by the coefficient of x, then x^2, etc. For rational approximations,
the coefficients of the numerator are given first, followed by a blank line,
then the coefficients of the denominator.



=== Rational approximation (1,1) ===
-1, -2.2185322751037555, 1.0919389172528968, 5.6761649243527525, 4.333697663393533, 1.0694832958813174, 0.06209728006746277

1, 4.550176256700879, 7.705264281250672, 5.980624988203063, 2.106065724108969, 0.28313666932011616, 0.00843334011000844

=== Rational approximation (1,2) ===
4.69506e-15, -1.3032001e-13, -14.629237277387904, -112.03116358201899, -319.2626531507524, -414.34595348185854, -237.72555073432625, -47.11464158808262, -1

29.2584745547555, 263.07362657044956, 923.4585739869901, 1592.8905039245496, 1389.9909740149044, 561.7113911654023, 79.06967383958772, 1

=== Rational approximation (1,3) ===
-440.67310019676944, -1678.822471546734, -504.69021025502445, 4255.73984382946, 5102.289142949516, 1480.6559044813418, -246.435155724339, -138.02989962061233, -12.78796032476733, -0.24486385174385436

1762.6924155049608, 12003.366679806333, 30978.09793714236, 38473.95761182084, 24318.929508956408, 7691.197450762467, 1128.2558170022085, 65.1738843900657, 1

=== Rational approximation (1,4) ===
371352.6890273707, 764816.1289134942, 1590788.9994689284, 272562.4960524055, -143824.951523751, -20840.308403752053, -206.87092503312945, 7.110575694956417

-191680.74978647448, -430288.66700330476, -840876.8188997657, -550849.7053740465, -105906.43155790512, -4989.754151281374, 19.13315346852052, 1

=== Rational approximation (1,5) ===
-1.7928813276647328, -17.614642386250694, -9.464685052283025, -0.09850703225021837, 0.2526845898085218, 0.018540199704463748, 0.0003201243830799105, 1.0059676204452516e-06

1, 5.634133203100494, 5.701846569650485, 1.628013893841924, 0.1587858940217511, 0.005384586308983632, 5.485573193546679e-05, 1.000471535629899e-07

=== Rational approximation (1,6) ===
-5.005623424227719, -1.7264655283052677, -0.09304650958856772, 0.0034513675127811785, 0.00023925068112691758, 3.1760642975100358e-06, 1.1502790681307444e-08, 7.975250561739576e-12

1, 0.6238687213326072, 0.09597659788456336, 0.005083872187709157, 0.0001019391699294342, 7.534616420138851e-07, 1.7345895553904209e-09, 7.324840574097318e-13

=== Rational approximation (1,7) ===
-6.80850916801116, -0.937716606754753, -0.019651274882844412, 7.324108585885723e-05, 2.5853444035684996e-06, 1.0120628765289373e-08, 1.0123024777519434e-11, 1.884509485121328e-15

1, 0.25485039039817853, 0.013043231207427142, 0.00020893063003373985, 1.2002293589048573e-06, 2.456451693171267e-09, 1.5305330700680205e-12, 1.722166998754854e-16

=== Rational approximation (1,8) ===
-7.612093884341071, -0.27480279271494723, -0.0014574568092715085, 1.3599997336391546e-06, 1.1919693321123285e-08, 1.1552299589946113e-11, 2.853280406873085e-15, 1.308453166623186e-19

1, 0.07003385475422981, 0.0009228901402300251, 3.7308558993690005e-06, 5.3599686946849e-09, 2.729613387105261e-12, 4.218623564427738e-16, 1.1753438898123142e-20

=== Rational approximation (1,9) ===
-8.02794746027181, -0.07121817061415789, -9.200280789098748e-05, 2.0851384228527377e-08, 4.4316392337276704e-11, 1.0406596636856453e-14, 6.2235486460074495e-19, 6.905670683557755e-24

1, 0.017561390457088853, 5.678555412565004e-05, 5.598424227113295e-08, 1.9562622313615658e-11, 2.4196774963642154e-15, 9.075611079244018e-20, 6.135139434681699e-25

=== Rational approximation (1,10) ===
-8.240842495055894, -0.01736406301562157, -5.261658757962071e-06, 3.150137030377993e-10, 1.4747208342033408e-13, 8.13083425756224e-18, 1.1449158485103233e-22, 2.9902630245010644e-28

1, 0.0042286452605242945, 3.2602337065890854e-06, 7.637479264024251e-10, 6.328507995588062e-14, 1.853386497214567e-18, 1.643953680433643e-23, 2.62581650648421e-29

=== Rational approximation (1,11) ===
-8.37511598510819, -0.004037933169703088, -2.7753913995300993e-07, 4.110797040983119e-12, 4.1829081622315954e-16, 5.2398076506145334e-21, 1.6799278168906035e-26, 9.987816227147246e-33

1, 0.0009757178862933101, 1.7270117944239408e-07, 9.269739055908128e-12, 1.7576639025080014e-16, 1.1767351068545172e-21, 2.3840342208401447e-27, 8.692224140447244e-34

=== Rational approximation (1,12) ===
-8.479041799292169, -0.0009192028837070405, -1.4180170741953704e-08, 4.7815945158179394e-14, 1.0844374823007614e-18, 3.049374592529792e-24, 2.1953345638422983e-30, 2.9306322771228015e-37

1, 0.0002201916057056314, 8.773797493718584e-09, 1.0593554039415721e-13, 4.516712623402576e-19, 6.797879437499254e-25, 3.095660300044424e-31, 2.5370258652904785e-38

=== Rational approximation (1,13) ===
-8.54252631199205, -0.00020566332856400673, -7.008960501948474e-10, 5.508741970578325e-16, 2.6926754554335066e-21, 1.6751649979420394e-27, 2.6717352096734262e-34, 7.900333120460153e-42

1, 4.9092676378527836e-05, 4.3532241117371923e-10, 1.1686538522350168e-15, 1.1071253497462676e-21, 3.700216644642382e-28, 3.7399451062026616e-35, 6.800307233759839e-43

=== Rational approximation (1,14) ===
-8.595422201397907, -4.53592241753707e-05, -3.3809176602658934e-11, 5.9390755599427174e-18, 6.287848722937438e-24, 8.561301731326868e-31, 2.990056460370299e-38, 1.9360423878941717e-46

1, 1.078368206327979e-05, 2.0982437559371848e-11, 1.235481492793518e-17, 2.5664066458099368e-24, 1.8803271855984987e-31, 4.165515027248827e-39, 1.6599284154722164e-47

=== Rational approximation (1,15) ===
0.7432598296406762, -0.5952760274551788, -0.06687617161453581, -0.0014678068208685779, -4.085792684429855e-06, 4.280689483121286e-08, 1.0199481223789292e-10, 5.8182926247819285e-15

1, 0.32142987941223045, 0.019611815400549206, 0.0002951873837001443, 2.5592542668913867e-07, -8.188206603754071e-09, -1.3342618654366498e-11

=== Rational approximation (1,16) ===
0.3654395923466256, -0.5171047620893658, -0.033732849555968544, -0.0005475906798701599, -3.033432140299106e-06, -6.125076497093456e-09, -4.179206569160682e-12, -7.084459318071023e-16, -3.692668946864041e-21

1, 0.22053337853238664, 0.0089438309097317, 0.00011257245790792933, 5.180133726226615e-07, 8.910908966615756e-10, 5.177785017654959e-13, 7.165956863781358e-17

=== Rational approximation (2,1) ===
-0.007120558828557712, -0.6703572146960279, -2.244483659273039, -2.514947739465369, -0.8542523193558414, 0.23719595996884174, 0.1915676639618575, 0.031484372686385494, 0.0013002148645377704, 4.615781083048832e-07

1, 3.9492826804506147, 5.820473886693447, 4.00093241220559, 1.3132584239158938, 0.18860929852910807, 0.009118162792373766, 4.198356440537148e-05, -3.0771873886992214e-07

=== Rational approximation (2,2) ===
1.9890189670365581, 0.9669945799001288, 0.2892564636124596, 0.02172560297291416, -0.005768437396695819, -0.0020302925400897164, -0.00012483264743706364, -5.647695181765255e-08, 3.629635022952366e-08, 3.181088537387256e-11

1, 0.8069819561459024, 0.3672706764235716, 0.09953764313174786, 0.016788258163451572, 0.001479072475985501, 3.743216433752187e-05, -4.153601532168373e-07, -8.975049417438829e-09

=== Rational approximation (2,3) ===
-1005338.8101561036, 2391145.697036218, -30169.087551103195, -133375.54720583674, 615877.1921255289, 62470.99168047287, -6826.534107505853, -558.4258530072103, -7.329496386757595, -0.006510399500692535, 7.858847080425345e-06

-58554.72274565191, 101831.38386680151, 345944.1074680088, -114053.5644056863, 95619.1685995048, 49842.145571153604, 4985.903760853446, 143.80477919346177, 1

=== Rational approximation (3,1) ===
-0.99999998137792, 0.19171981912189134, 2.048170995433399, 0.5836774002006578

1, 2.139921000372682, 1.1292648480285057, 0.10703914566775516

=== Rational approximation (3,2) ===
-0.9999999678909199, -2.5843484534931425, -1.2943894234804614, -0.010050432441416585

1, 4.084341700580142, 4.754463651441859, 1.4554309478938119

=== Rational approximation (3,3) ===
0.0019166753557302793, 0.9853176179570128, 1.0983247124108937, 0.21444347819563866, 0.0060686673137861115

1, 2.0393654183159446, 0.9280500438839044, 0.09722552755883852, 0.001476424614140647

=== Rational approximation (3,4) ===
0.16966179599970374, 0.641532463231535, 0.09539854751430477, 0.0023109812268482686, 7.664599465549064e-06

1, 0.49750135593770484, 0.03989671017187768, 0.000627740815973988, 1.3229938009854727e-06

=== Rational approximation (3,5) ===
-0.43764409138735894, 1.0840843751995224, 0.1682063638029675, 0.004014540398865476, 1.3061405582670556e-05

1, 0.4428741699016309, 0.033240763583424336, 0.0005021761267753374, 1.033871460909155e-06

=== Rational approximation (3,6) ===
1.4499579958531323, 0.4356423156126395, 0.007945369031738161, 2.8116447441262738e-05, 2.1291218017349133e-08, 2.3997962748485955e-12

1, 0.0802922594465679, 0.0009630833523246974, 2.582092561765425e-06, 1.5323335819662065e-09, 1.2873473604691097e-13

=== Rational approximation (3,7) ===
1.1902536811179334, 1.3425500995842816, 0.039914312681708225, 0.00018865616400096308, 1.197404437845505e-07

1, 0.13285489820908314, 0.002412434392835542, 8.14990645780658e-06, 3.6212664925754075e-09

=== Rational approximation (3,8) ===
0.35999239132180894, 0.48234026434529725, 0.16346739469844643, 0.002923429305941059

1, 0.17912743900476702, 0.0029372467055654118, -1.7981819646813192e-08

=== Rational approximation (4,1) ===
-7.5383644, 0.7509371, 16.085358, 5.22302

7.5383644, 16.825842, 9.485681, 1

=== Rational approximation (4,2) ===
-10973.511, 23229.033, 21732.635, -1758.1064, -924.43964, -2

-29830.31, -29465.754, -5436.139, -73.338486, 1

=== Rational approximation (4,3) ===
-97.60169, 135.11606, -104.8633, 71.14271, -4.035665, -0.13376646, 0.0016002785

-105.29972, 24.441774, -30.459795, -9.237885, 1

=== Rational approximation (5,1) ===
1.5197052e-15, 31.382485145252623, -111.67278816061234, 132.5684445819619, -58.38140342237371, 6.921494047532365

-13.459381188957389, 58.35527069036598, -91.031608807509, 60.90659358752776, -15.896569491523573, 1

=== Rational approximation (5,2) ===
11.83165947595797, 4.33257836458188, -2.628762536561297, -16.623512533549988, -22.937168130767827, -15.483503544726787, -6.791376212503861, -0.11521581840651911

10.258782195955257, 16.335989870177194, 23.682626606622172, 21.61931723027427, 13.337350406408996, 5.980868682013216, 1

=== Rational approximation (5,3) ===
4865.585903146522, 5405.066014725617, 7395.512758790448, 2668.5019001367446, 571.0453006978144, -1887.0085189771123, -407.27496972093763, -11.043062114472768

1681.8979891794263, 2693.176194991678, 4248.773490848303, 3500.965169104954, 2341.589854151086, 781.1654039656285, 70.08482205562056, 1

=== Rational approximation (5,4) ===
5.653962842773677, 5.992386754311185, 7.895073895210871, 2.0262810660055064, -0.1710482731679601, -0.04889371160099143, -0.0017678144949259999, -1.0491279648402876e-05

1, 1.3895307552004974, 1.7414075127625388, 1.0962084802210215, 0.2220136192284824, 0.014592386177617293, 0.0002768967005269749, 9.244342315920872e-07

=== Rational approximation (5,5) ===
9.747938356501598, 0.8361043872660486, -1.033257455749206, -0.08810408701368536, 0.0015003844505239996, 0.00014386399066294002, 1.4744091075086447e-06, 2.446712262306188e-09

1, 0.5269220618659216, -0.12622118389149564, -0.039953175430391126, -0.002436375484488568, -4.5185595669983155e-05, -2.3852144842078067e-07, -2.2034060013630724e-10

=== Rational approximation (5,6) ===
11.941171712455624, 3.522543578477743, 0.1867114352013534, 0.001766119428456443, -1.9975390518483424e-05, -2.3362022407967098e-07, -4.964407492636705e-10, -1.8401293800016265e-13

1, 0.5434614403182891, 0.05409663526535323, 0.0016442084161534109, 1.7735218871163383e-05, 6.778797110103622e-08, 7.867964108492384e-11, 1.6517646855342603e-14

=== Rational approximation (5,7) ===
11.736197159185506, 0.8769896793127983, 0.011341860131905284, 2.622391139004096e-05, -6.649695447359311e-08, -1.8788542180207196e-10, -9.472104337866676e-14, -8.296818975886331e-18

1, 0.1366420450069259, 0.0032969064318272537, 2.3966731234234846e-05, 6.141817313725561e-08, 5.555084437722801e-11, 1.521597986236397e-14, 7.521725804095381e-19

=== Rational approximation (5,8) ===
11.409575696363175, 0.195249209436543, 0.0005787197617090837, 3.0644439185290657e-07, -1.7810302237362713e-10, -1.1507113845049766e-13, -1.3258412118473327e-17, -2.6521240312497806e-22

1, 0.03094909493567877, 0.0001705048613743532, 2.833653243455937e-07, 1.6600183339323428e-10, 3.43052246876567e-14, 2.1453592022755357e-18, 2.4188525353860263e-23

=== Rational approximation (5,9) ===
11.215093704648995, 0.04272809126606759, 2.8223624118776927e-05, 3.3301365429107027e-09, -4.312842160464801e-13, -6.204497325266062e-17, -1.591171088562487e-21, -7.08139757235869e-27

1, 0.006851220392802084, 8.393783960135606e-06, 3.1047369702390805e-09, 4.048188235757308e-13, 1.8615108803730676e-17, 2.58930604099954e-22, 6.489430277862295e-28

=== Rational approximation (5,10) ===
11.091735499901686, 0.009252332414847407, 1.338379425604818e-06, 3.456688669167159e-11, -9.807127539904697e-16, -3.086029479626143e-20, -1.730823475586789e-25, -1.6840007173047133e-31

1, 0.0014954823343445987, 4.0075969272610316e-07, 3.243197396402064e-11, 9.250551394780547e-16, 9.302538049875713e-21, 2.8286594137747696e-26, 1.548958645901972e-32

=== Rational approximation (5,11) ===
11.003160834769252, 0.001998282212873397, 6.296450133834375e-08, 3.542819857821104e-13, -2.192279565349925e-18, -1.5036415811573484e-23, -1.8389359147491272e-29, -3.902535405219042e-36

1, 0.0003250293068868491, 1.8959922454025334e-08, 3.341840425035656e-13, 2.0767989231539316e-18, 4.5515587477647475e-24, 3.016914263991045e-30, 3.6015695950363116e-37

=== Rational approximation (5,12) ===
10.94291215069882, 0.00043207214460006367, 2.959251366485996e-09, 3.6187332060224794e-15, -4.8596030567618706e-21, -7.238194933567659e-27, -1.9211865235062982e-33, -8.844700040403196e-41

1, 7.057764027859856e-05, 8.943486579950542e-10, 3.423801852828054e-15, 4.619956113077979e-21, 2.197699753602681e-27, 3.160566218320744e-34, 8.182498321539208e-42

=== Rational approximation (5,13) ===
10.9033351899382, 9.091250375412354e-05, 1.3131209711662158e-10, 3.381786488561509e-17, -9.548915455596205e-24, -2.9868914380105626e-30, -1.6624938081319723e-37, -1.602687574998999e-45

1, 1.4888617683193365e-05, 3.976774879552406e-11, 3.205124728339609e-17, 9.093218636640337e-24, 9.082524924171425e-31, 2.7388586492209876e-38, 1.4847367433160514e-46

=== Rational approximation (5,14) ===
10.862902019854983, 1.8579378468448546e-05, 5.5048647009689475e-12, 2.907204617496206e-19, -1.6865899558843015e-26, -1.0818980973035424e-33, -1.2354222807418516e-41, -2.4435967500800916e-50

1, 3.0524987796708403e-06, 1.6722341260968138e-12, 2.7645758501368218e-19, 1.6089593336646115e-26, 3.296802285972434e-34, 2.039484673866609e-42, 2.2680312561764226e-51

=== Rational approximation (5,15) ===
0.22892337356253195, 1.2748958849168117, -0.272209865610113, 0.013921221083991566, -0.00023816675060632156, 1.4679117226781478e-06, -3.0362210600979194e-09, 1.557721423333536e-12, -2.6746470394796932e-17

1, -0.7592516273253019, 0.09507228628677154, -0.0036075267847027947, 4.954505848753638e-05, -2.528631350186928e-07, 4.340563135317533e-10, -1.7684655478800035e-13

=== Rational approximation (5,16) ===
-1.661309046837212, 0.2547394335310498, -0.004075661111623898, 1.5680788204719713e-05, -1.6389125764261022e-08, 3.726635243274692e-12, -2.4150649409632447e-17

1, -0.06775640628239357, 0.0007892257946267818, -2.4472355184838205e-06, 2.115764840033182e-09, -3.8593234387272307e-13

=== Polynomial approximation (6,1) ===
-1.0000000000000002, -2.331643981596678, -1.8121878858182665, -1.9366310861561393, -2.353553564102234, -3.0667392478872704, -4.179344454070464, -5.764202408685384, -9.991799959165544, 7.772856089469904, -208.14355350503, 1344.1451890031178, -7571.576057874907, 31232.91784598825, -96986.8970020298, 216959.2797827161, -334089.1543888775, 316915.0261048373, -142989.33125313726


=== Rational approximation (6,2) ===
8235.87902260376, -6796.860086407172, -12443.468959669788, -6755.27589574189, -1712.5153320684158, -203.42766238687378, -8.308120329212455, -0.02889732975016653, 0.00017060413254178187

12365.894604528377, 16052.40982043299, 9213.150127857532, 2845.036531148799, 477.35031723960424, 38.33683170370891, 1

=== Rational approximation (6,3) ===
1534501.7051966637, 818003.3778741981, 79545.29566105822, -46046.38588902229, -9920.363151816851, -549.7168857663283, -8.139076750157702, -0.010035795798761038, 2.549847367232382e-05, -5.0490220466432425e-08

512345.1335707171, 514996.99913940416, 212748.8328480862, 41167.2962813391, 3446.7539760424124, 110.0863566209083, 1

=== Rational approximation (7,1) ===
-2.3178059085766223, 4.0447805483664485, 4.685862799036422, -11.049408238560558, 4.2394594417272975

2.3178058415537937, -9.449067234531588, 13.145374610201152, -6.962690936603384, 1

=== Rational approximation (7,2) ===
0.0015938191612263808, -0.41846203646231867, 13.07544764523401, -33.42541880417064, -87.60734509846606

-0.00016481780524744996, 0.062386189729457746, -2.9092259045874904, 20.195787120474037, 1

=== Rational approximation (7,3) ===
-12.090156880379416, 32135.561533727494, -11391136.500744533, 660068819.2690401, -2136780678.942179

1, -3474.789300680873, 1568926.6860340862, -127525130.79799458, 1261213777.0606976

=== Rational approximation (7,4) ===
-14.562498219617774, 403320.3333527218, -1497879223.894395, 962916113431.6812, -60343001595464.266

1, -34265.87036329195, 152192745.57497734, -122359941334.66605, 12513001183627.129

=== Rational approximation (7,5) ===
-17.086507463616545, 5222231.087162755, -213151987525.33514, 1530697004513275.2, -1204303030667624704

1, -364527.82859246293, 17148516794.286718, -145669934006785.53, 158313402058577184

=== Rational approximation (7,6) ===
-19.653632171765118, 69811716.86805223, -32923625080834.152, 2747338886132199936, -2.6326885824805254e+22

1, -4127176.609407461, 2189213015335.6758, -208981743119711008, 2551417827505100292096

=== Rational approximation (7,7) ===
-22.25842614929502, 962451636.3707525, -5492812670981185, 5.556163661903411e+21, -6.61117625096981e+26

1, -49265736.87810429, 310794857350927.8, -351671023824546758656, 5.079629764759799e+25

=== Rational approximation (7,8) ===
5114.3511421762105, -26247.164076947694, 5539.282848812841, -190.70238263594726, 1.0014404934334016

-14547.4094153324, 4761.7610669037795, -184.2931528262058, 1

=== Polynomial approximation (8,1) ===
-1, -2.3316534, -1.8113846, -1.9622236, -1.9613936, -6.2304645, 9.180235, -31.309841


=== Polynomial approximation (8,2) ===
-0.99999475, -1.4142802, -0.66634685, -0.07936575, 0.016000547, -0.002435266, 0.00024032744, -1.1250273e-05


=== Rational approximation (8,3) ===
2103.5388, -8754.042, 677.44147, -6.307429, 0.0015828924

-9738.437, 3751.236, -165.07803, 1

