=== 18-144 ===
-2.02529046485801855615491,-5.743274476053980162196015,-6.06474074953871169413217,-0.5576343296102997871575782,0.3378797613916807493552377,0.04592257528838597929959467,0.001341858590348475400622682,6.979906057789659871763869e-6
1,2.526987076412454452780418,3.517055041286075201342471,1.663023106422505850933103,0.2687208078567127700393929,0.01490668313947760718330487,0.0002461656640018758489269704,7.235582755535539759042844e-7
Y=2.125

=== 144-1521 ===
-4.220386160531702278976514,0.8391998697884495219728179,0.6791121955715202866527057,0.02081938463710754279959211,-0.004281916787093219295309429,-0.0001870582328520675599549395,-1.76280758869946496479402e-6,-2.95395191913630393484041e-9
1,0.1439346356058326818531156,-0.2368697776557676071053706,-0.05031594037154697959300617,-0.002895524515791621467958955,-0.00005434748537261462726059987,-2.987032461828690534475663e-7,-2.903984823948196569093185e-10
Y=3.6640625

=== 1521-17689 ===
-6.027066881873449898683596,-1.747284047848513407182289,-0.08623974629185317048594478,0.0004523813067088681616446053,0.00005477235227303761706831849,5.297769671145117931054451e-7,1.298894512222666943934951e-9,5.947289444043914547812899e-13
1,0.5009331680785700384387716,0.05640081078628891401660226,0.002077094206271923071392441,0.00002806623747642363324522624,1.370123579531922778749733e-7,2.055680585834725691358261e-10,5.607507182077043350326317e-14
Y=5.6015625

=== 17689-250000 ===
-7.217947265660667758981685,-0.7105568546568797848434392,-0.01085085101016422595921046,0.00001575723427711622567861283,5.842524021711016733646553e-7,1.625285132316612858355603e-9,1.133410715322286481572067e-12,1.464026523814825639947954e-16
1,0.1823026714995887123756552,0.006509877227923417393367322,0.00007222986586432688041592554,2.865921305511364391075813e-7,4.046099384745928821320127e-10,1.737965947475110021529383e-13,1.347921745614378501336659e-17
Y=7.734375

=== 250000-3610000 ===
-7.857225927498842170566441,-0.2122525268341776725286009,-0.0008689177447945778033190473,3.421694499785180314746145e-7,3.320612216759605864420123e-9,2.444873943614737454588845e-12,4.508503379706750768053237e-16,1.53818464951276171126039e-20
1,0.05186573186689355370340585,0.0005034857996780070919699066,1.498560697115840440668637e-6,1.585810664461189380643043e-9,5.95293620906994747394186e-13,6.787230944907909713625725e-17,1.396197126605264957719514e-21
Y=10.109375